Dados do Problema:

	 nx: 3 
	 ny: 3

	 dx: 0.33333 
	 dy: 0.33333

	 ro: 1.00000 
	 gama: 1.00000
	 q: 0.00000
	 u: 0.00000 
	 v: 0.00000
	 Pex: 0.00000 
	 Pey: 0.00000
	 ax: 0.00000 
	 ay: 0.00000
	 bx: 1.00000 
	 by: 1.00000



Resultado:

 0.007126 0.038685 0.020000
 0.042759 0.166296 0.077241
 0.186667 0.506501 0.179540
 

SALVANDO DADOS:
 
	Resultado Numérico salvo em exe5_data.txt
